# Created by Ferram Aerospace Research plugin for Kerbal Space Program

# name: aoa
# type: matrix
# rows: 1
# columns: 16
  -15 -10 -5 -3 -1 0 1 2 3 5 10 15 20 25 30 45

# name: mach
# type: matrix
# rows: 16
# columns: 1
  0.03
  0.25
  0.40
  0.60
  0.75
  0.90
  0.95
  0.99
  1.01
  1.10
  1.25
  1.50
  2
  3
  5
  8
